"1","
"
"1","$tbl_uw_tier[[192]]
"
