"1","
"
"1","$tbl_deductible[[375]]
"
